-12 26 35.56565656565657
-12 40 32.58715596330275
-12 29 34.0188679245283
-12 33 35.01851851851852
-12 32 34.60576923076923
-12 18 35.60747663551402
-12 67 1e-10
-12 39 34.211009174311926
-12 50 28.132075471698112
-12 63 1e-10
-12 46 31.170212765957448
-12 41 33.0
-12 62 1e-10
-12 15 34.14678899082569
-12 49 30.5
-12 34 35.371428571428574
-12 4 27.778846153846153
-12 8 32.19047619047619
-12 17 34.0
-12 21 33.666666666666664
-12 6 28.20754716981132
-12 42 34.14414414414414
-12 37 36.39047619047619
-12 5 29.61
-12 19 33.44736842105263
-12 64 1e-10
-12 35 33.2962962962963
-12 25 35.019417475728154
-12 60 1e-10
-12 59 1e-10
-12 68 1e-10
-12 13 36.63551401869159
-12 16 35.13084112149533
-12 31 34.0
-12 24 35.18269230769231
-12 65 1e-10
-12 36 34.66355140186916
-12 44 34.1747572815534
-12 52 28.744897959183675
-12 57 1e-10
-12 38 34.457142857142856
-12 12 37.175925925925924
-12 10 33.5
-12 66 1e-10
-12 1 27.93877551020408
-12 54 27.08
-12 -4 1e-10
-12 30 35.10576923076923
-12 58 1e-10
-12 2 27.03846153846154
-12 -5 1e-10
-12 51 29.80392156862745
-12 47 29.25531914893617
-12 -1 1e-10
-12 -3 1e-10
-12 53 28.479591836734695
-12 23 35.0
-12 55 26.564356435643564
-12 43 35.39423076923077
-12 22 34.39090909090909
-12 56 1e-10
-12 -2 1e-10
-12 61 1e-10
-12 20 33.432432432432435
-12 3 28.34
-12 11 39.78431372549019
-12 48 30.15740740740741
-12 28 34.61165048543689
-12 0 1e-10
-12 27 34.584158415841586
-12 14 34.3963963963964
-12 69 1e-10
-12 45 38.37735849056604
-12 9 32.12765957446808
-12 7 31.38095238095238
-42 26 30.486486486486488
-42 40 34.157407407407405
-42 29 32.242990654205606
-42 33 33.083333333333336
-42 32 31.84070796460177
-42 18 32.111111111111114
-42 67 1e-10
-42 39 35.471698113207545
-42 50 28.717391304347824
-42 63 1e-10
-42 46 36.5607476635514
-42 41 34.54205607476636
-42 62 1e-10
-42 15 35.25454545454546
-42 49 30.02127659574468
-42 34 32.71818181818182
-42 4 28.42056074766355
-42 8 36.580357142857146
-42 17 33.80373831775701
-42 21 32.43396226415094
-42 6 29.93617021276596
-42 42 36.41284403669725
-42 37 33.39252336448598
-42 5 31.02857142857143
-42 19 34.027522935779814
-42 64 1e-10
-42 35 33.596330275229356
-42 25 32.0
-42 60 27.742574257425744
-42 59 26.847619047619048
-42 68 1e-10
-42 13 34.49074074074074
-42 16 34.944954128440365
-42 31 31.798165137614678
-42 24 32.39622641509434
-42 65 1e-10
-42 36 33.52427184466019
-42 44 34.583333333333336
-42 52 28.80952380952381
-42 57 28.28421052631579
-42 38 33.361111111111114
-42 12 36.4392523364486
-42 10 38.75728155339806
-42 66 1e-10
-42 1 28.596153846153847
-42 54 27.815533980582526
-42 -4 1e-10
-42 30 32.58095238095238
-42 58 27.35
-42 2 28.87878787878788
-42 -5 1e-10
-42 51 30.902912621359224
-42 47 37.74528301886792
-42 -1 1e-10
-42 -3 1e-10
-42 53 27.63809523809524
-42 23 32.44859813084112
-42 55 27.134615384615383
-42 43 34.63809523809524
-42 22 32.342592592592595
-42 56 26.69607843137255
-42 -2 1e-10
-42 61 25.79591836734694
-42 20 33.32692307692308
-42 3 29.320388349514563
-42 11 35.15094339622642
-42 48 39.5462962962963
-42 28 31.14018691588785
-42 0 1e-10
-42 27 31.081818181818182
-42 14 33.86915887850467
-42 69 1e-10
-42 45 33.47115384615385
-42 9 36.886792452830186
-42 7 30.638297872340427
-26 11 35.583333333333336
-40 11 35.638888888888886
-29 11 34.40909090909091
-33 11 33.342592592592595
-32 11 33.01851851851852
-18 11 33.77981651376147
-39 11 35.044642857142854
-50 11 28.904761904761905
-46 11 30.382978723404257
-41 11 37.71287128712871
-15 11 35.63302752293578
-49 11 28.747663551401867
-34 11 34.31132075471698
-4 11 27.86315789473684
-8 11 30.42156862745098
-17 11 36.68571428571428
-21 11 34.64485981308411
-6 11 27.90740740740741
-42 11 35.15094339622642
-37 11 33.788990825688074
-5 11 28.262135922330096
-19 11 34.85454545454545
-35 11 34.445454545454545
-25 11 35.02857142857143
-59 11 1e-10
-13 11 36.02857142857143
-16 11 36.179245283018865
-31 11 33.009433962264154
-24 11 35.304761904761904
-36 11 34.898148148148145
-44 11 35.03809523809524
-52 11 28.540816326530614
-57 11 1e-10
-38 11 34.5188679245283
-12 11 39.78431372549019
-10 11 31.244897959183675
-1 11 23.157894736842106
-54 11 26.443396226415093
4 11 1e-10
-30 11 32.58878504672897
-58 11 1e-10
-2 11 26.774509803921568
5 11 1e-10
-51 11 28.98989898989899
-47 11 30.86
1 11 1e-10
3 11 1e-10
-53 11 27.489795918367346
-23 11 35.43518518518518
-55 11 28.918367346938776
-43 11 37.638888888888886
-22 11 35.77142857142857
-56 11 27.65625
2 11 1e-10
-20 11 36.54128440366973
-3 11 28.391304347826086
-11 11 33.55102040816327
-48 11 31.121495327102803
-28 11 33.61607142857143
0 11 1e-10
-27 11 34.61682242990654
-14 11 38.1764705882353
-45 11 37.21296296296296
-9 11 30.72641509433962
-7 11 31.08823529411765
-26 41 29.942857142857143
-40 41 34.32142857142857
-29 41 30.533980582524272
-33 41 30.11111111111111
-32 41 30.940594059405942
-18 41 34.283018867924525
-39 41 32.49090909090909
-50 41 31.19607843137255
-46 41 34.54716981132076
-41 41 34.75471698113208
-15 41 33.19444444444444
-49 41 32.729166666666664
-34 41 31.42718446601942
-4 41 29.635416666666668
-8 41 29.416666666666668
-17 41 33.252252252252255
-21 41 30.30392156862745
-6 41 30.838383838383837
-42 41 34.54205607476636
-37 41 32.299065420560744
-5 41 28.792079207920793
-19 41 31.38317757009346
-35 41 31.878504672897197
-25 41 29.47222222222222
-59 41 1e-10
-13 41 33.8018018018018
-16 41 31.568807339449542
-31 41 30.807692307692307
-24 41 29.64814814814815
-36 41 31.75
-44 41 32.8
-52 41 29.257425742574256
-57 41 1e-10
-38 41 33.716981132075475
-12 41 33.0
-10 41 35.04950495049505
-1 41 26.47222222222222
-54 41 27.15686274509804
4 41 1e-10
-30 41 31.00980392156863
-58 41 1e-10
-2 41 28.145631067961165
5 41 1e-10
-51 41 28.80952380952381
-47 41 37.870370370370374
1 41 1e-10
3 41 1e-10
-53 41 28.591836734693878
-23 41 30.933333333333334
-55 41 27.08653846153846
-43 41 37.00952380952381
-22 41 31.884615384615383
-56 41 27.835164835164836
2 41 1e-10
-20 41 30.574074074074073
-3 41 28.893203883495147
-11 41 34.05882352941177
-48 41 37.330275229357795
-28 41 31.81
0 41 1e-10
-27 41 29.96153846153846
-14 41 34.15596330275229
-45 41 35.679245283018865
-9 41 29.78
-7 41 31.418181818181818
